0 0.49453125 0.18203125 0.084375 0.125
0 0.75703125 0.1921875 0.0890625 0.140625
0 0.48671875 0.31015625 0.0953125 0.1359375
0 0.675 0.3796875 0.0875 0.1578125
0 0.728125 0.50546875 0.115625 0.171875
0 0.45390625 0.50546875 0.096875 0.1625
0 0.73203125 0.6734375 0.13125 0.18125
0 0.88828125 0.63359375 0.15625 0.15625
0 0.88203125 0.5109375 0.1125 0.1296875
0 0.3546875 0.5984375 0.1265625 0.203125
0 0.1125 0.52890625 0.1015625 0.1625
0 0.915625 0.8625 0.1 0.1828125
0 0.52890625 0.7234375 0.0953125 0.1828125
0 0.6546875 0.28984375 0.0703125 0.10625