0 0.390625 0.2015625 0.090625 0.128125
0 0.64296875 0.125 0.0953125 0.1421875
0 0.42578125 0.325 0.1015625 0.1390625
0 0.62578125 0.32890625 0.0953125 0.159375
0 0.7171875 0.43046875 0.1234375 0.1765625
0 0.45859375 0.5203125 0.1046875 0.165625
0 0.77578125 0.5890625 0.1390625 0.184375
0 0.9109375 0.5 0.1609375 0.1625
0 0.86484375 0.3859375 0.1171875 0.1328125
0 0.39453125 0.640625 0.1359375 0.20625
0 0.14296875 0.65390625 0.109375 0.165625
0 0.978125 0.70625 0.04375 0.184375
0 0.6 0.7015625 0.1046875 0.1859375
0 0.578125 0.25078125 0.075 0.1078125