0 0.45 0.1859375 0.06796875 0.1171875
0 0.71171875 0.159375 0.07109375 0.13125
0 0.46015625 0.3140625 0.07890625 0.1265625
0 0.65625 0.35625 0.0671875 0.15
0 0.7265625 0.4734375 0.09296875 0.1609375
0 0.45546875 0.51171875 0.0765625 0.15390625
0 0.75390625 0.63984375 0.11015625 0.1671875
0 0.903125 0.578125 0.13671875 0.1390625
0 0.8796875 0.4578125 0.09765625 0.1171875
0 0.36953125 0.61796875 0.1015625 0.19140625
0 0.1203125 0.5828125 0.08203125 0.15234375
0 0.96171875 0.80078125 0.0765625 0.1734375
0 0.559375 0.7171875 0.07109375 0.175
0 0.62421875 0.2703125 0.0578125 0.0984375